sensor_kit_base_link:
  xt32_top_base_link:
    x: 0.0
    y: 0.0
    z: 0.0
    roll: 0.0
    pitch: 0.0
    yaw: 1.570796327
  xt32_front_base_link:
    x: 0.18
    y: 0.0
    z: -0.9468
    roll: 0.0
    pitch: 0.0
    yaw: 1.570796327
